2005	1	3	1
2005	1	4	2
2005	1	5	3
2005	1	6	4
2005	1	7	5
2005	1	10	6
2005	1	11	7
2005	1	12	8
2005	1	13	9
2005	1	14	10
2005	1	17	11
2005	1	18	12
2005	1	19	13
2005	1	20	14
2005	1	21	15
2005	1	24	16
2005	1	25	17
2005	1	26	18
2005	1	27	19
2005	1	28	20
2005	1	31	21
2005	2	1	22
2005	2	2	23
2005	2	3	24
2005	2	4	25
2005	2	7	26
2005	2	8	27
2005	2	9	28
2005	2	10	29
2005	2	11	30
2005	2	14	31
2005	2	15	32
2005	2	16	33
2005	2	17	34
2005	2	18	35
2005	2	21	36
2005	2	22	37
2005	2	23	38
2005	2	24	39
2005	2	25	40
2005	2	28	41
2005	3	1	42
2005	3	2	43
2005	3	3	44
2005	3	4	45
2005	3	7	46
2005	3	8	47
2005	3	9	48
2005	3	10	49
2005	3	11	50
2005	3	14	51
2005	3	15	52
2005	3	16	53
2005	3	17	54
2005	3	18	55
2005	3	21	56
2005	3	22	57
2005	3	23	58
2005	3	24	59
2005	3	25	60
2005	3	28	61
2005	3	29	62
2005	3	30	63
2005	3	31	64
2005	4	1	65
2005	4	4	66
2005	4	5	67
2005	4	6	68
2005	4	7	69
2005	4	8	70
2005	4	11	71
2005	4	12	72
2005	4	13	73
2005	4	14	74
2005	4	15	75
2005	4	18	76
2005	4	19	77
2005	4	20	78
2005	4	21	79
2005	4	22	80
2005	4	25	81
2005	4	26	82
2005	4	27	83
2005	4	28	84
2005	4	29	85
2005	5	2	86
2005	5	3	87
2005	5	4	88
2005	5	5	89
2005	5	6	90
2005	5	9	91
2005	5	10	92
2005	5	11	93
2005	5	12	94
2005	5	13	95
2005	5	16	96
2005	5	17	97
2005	5	18	98
2005	5	19	99
2005	5	20	100
2005	5	23	101
2005	5	24	102
2005	5	25	103
2005	5	26	104
2005	5	27	105
2005	5	30	106
2005	5	31	107
2005	6	1	108
2005	6	2	109
2005	6	3	110
2005	6	6	111
2005	6	7	112
2005	6	8	113
2005	6	9	114
2005	6	10	115
2005	6	13	116
2005	6	14	117
2005	6	15	118
2005	6	16	119
2005	6	17	120
2005	6	20	121
2005	6	21	122
2005	6	22	123
2005	6	23	124
2005	6	24	125
2005	6	27	126
2005	6	28	127
2005	6	29	128
2005	6	30	129
2005	7	1	130
2005	7	4	131
2005	7	5	132
2005	7	6	133
2005	7	7	134
2005	7	8	135
2005	7	11	136
2005	7	12	137
2005	7	13	138
2005	7	14	139
2005	7	15	140
2005	7	18	141
2005	7	19	142
2005	7	20	143
2005	7	21	144
2005	7	22	145
2005	7	25	146
2005	7	26	147
2005	7	27	148
2005	7	28	149
2005	7	29	150
2005	8	1	151
2005	8	2	152
2005	8	3	153
2005	8	4	154
2005	8	5	155
2005	8	8	156
2005	8	9	157
2005	8	10	158
2005	8	11	159
2005	8	12	160
2005	8	15	161
2005	8	16	162
2005	8	17	163
2005	8	18	164
2005	8	19	165
2005	8	22	166
2005	8	23	167
2005	8	24	168
2005	8	25	169
2005	8	26	170
2005	8	29	171
2005	8	30	172
2005	8	31	173
2005	9	1	174
2005	9	2	175
2005	9	5	176
2005	9	6	177
2005	9	7	178
2005	9	8	179
2005	9	9	180
2005	9	12	181
2005	9	13	182
2005	9	14	183
2005	9	15	184
2005	9	16	185
2005	9	19	186
2005	9	20	187
2005	9	21	188
2005	9	22	189
2005	9	23	190
2005	9	26	191
2005	9	27	192
2005	9	28	193
2005	9	29	194
2005	9	30	195
2005	10	3	196
2005	10	4	197
2005	10	5	198
2005	10	6	199
2005	10	7	200
2005	10	10	201
2005	10	11	202
2005	10	12	203
2005	10	13	204
2005	10	14	205
2005	10	17	206
2005	10	18	207
2005	10	19	208
2005	10	20	209
2005	10	21	210
2005	10	24	211
2005	10	25	212
2005	10	26	213
2005	10	27	214
2005	10	28	215
2005	10	31	216
2005	11	1	217
2005	11	2	218
2005	11	3	219
2005	11	4	220
2005	11	7	221
2005	11	8	222
2005	11	9	223
2005	11	10	224
2005	11	11	225
2005	11	14	226
2005	11	15	227
2005	11	16	228
2005	11	17	229
2005	11	18	230
2005	11	21	231
2005	11	22	232
2005	11	23	233
2005	11	24	234
2005	11	25	235
2005	11	28	236
2005	11	29	237
2005	11	30	238
2005	12	1	239
2005	12	2	240
2005	12	5	241
2005	12	6	242
2005	12	7	243
2005	12	8	244
2005	12	9	245
2005	12	12	246
2005	12	13	247
2005	12	14	248
2005	12	15	249
2005	12	16	250
2005	12	19	251
2005	12	20	252
2005	12	21	253
2005	12	22	254
2005	12	23	255
2005	12	26	256
2005	12	27	257
2005	12	28	258
2005	12	29	259
2005	12	30	260
2006	1	2	261
2006	1	3	262
2006	1	4	263
2006	1	5	264
2006	1	6	265
2006	1	9	266
2006	1	10	267
2006	1	11	268
2006	1	12	269
2006	1	13	270
2006	1	16	271
2006	1	17	272
2006	1	18	273
2006	1	19	274
2006	1	20	275
2006	1	23	276
2006	1	24	277
2006	1	25	278
2006	1	26	279
2006	1	27	280
2006	1	30	281
2006	1	31	282
2006	2	1	283
2006	2	2	284
2006	2	3	285
2006	2	6	286
2006	2	7	287
2006	2	8	288
2006	2	9	289
2006	2	10	290
2006	2	13	291
2006	2	14	292
2006	2	15	293
2006	2	16	294
2006	2	17	295
2006	2	20	296
2006	2	21	297
2006	2	22	298
2006	2	23	299
2006	2	24	300
2006	2	27	301
2006	2	28	302
2006	3	1	303
2006	3	2	304
2006	3	3	305
2006	3	6	306
2006	3	7	307
2006	3	8	308
2006	3	9	309
2006	3	10	310
2006	3	13	311
2006	3	14	312
2006	3	15	313
2006	3	16	314
2006	3	17	315
2006	3	20	316
2006	3	21	317
2006	3	22	318
2006	3	23	319
2006	3	24	320
2006	3	27	321
2006	3	28	322
2006	3	29	323
2006	3	30	324
2006	3	31	325
2006	4	3	326
2006	4	4	327
2006	4	5	328
2006	4	6	329
2006	4	7	330
2006	4	10	331
2006	4	11	332
2006	4	12	333
2006	4	13	334
2006	4	14	335
2006	4	17	336
2006	4	18	337
2006	4	19	338
2006	4	20	339
2006	4	21	340
2006	4	24	341
2006	4	25	342
2006	4	26	343
2006	4	27	344
2006	4	28	345
2006	5	1	346
2006	5	2	347
2006	5	3	348
2006	5	4	349
2006	5	5	350
2006	5	8	351
2006	5	9	352
2006	5	10	353
2006	5	11	354
2006	5	12	355
2006	5	15	356
2006	5	16	357
2006	5	17	358
2006	5	18	359
2006	5	19	360
2006	5	22	361
2006	5	23	362
2006	5	24	363
2006	5	25	364
2006	5	26	365
2006	5	29	366
2006	5	30	367
2006	5	31	368
2006	6	1	369
2006	6	2	370
2006	6	5	371
2006	6	6	372
2006	6	7	373
2006	6	8	374
2006	6	9	375
2006	6	12	376
2006	6	13	377
2006	6	14	378
2006	6	15	379
2006	6	16	380
2006	6	19	381
2006	6	20	382
2006	6	21	383
2006	6	22	384
2006	6	23	385
2006	6	26	386
2006	6	27	387
2006	6	28	388
2006	6	29	389
2006	6	30	390
2006	7	3	391
2006	7	4	392
2006	7	5	393
2006	7	6	394
2006	7	7	395
2006	7	10	396
2006	7	11	397
2006	7	12	398
2006	7	13	399
2006	7	14	400
2006	7	17	401
2006	7	18	402
2006	7	19	403
2006	7	20	404
2006	7	21	405
2006	7	24	406
2006	7	25	407
2006	7	26	408
2006	7	27	409
2006	7	28	410
2006	7	31	411
2006	8	1	412
2006	8	2	413
2006	8	3	414
2006	8	4	415
2006	8	7	416
2006	8	8	417
2006	8	9	418
2006	8	10	419
2006	8	11	420
2006	8	14	421
2006	8	15	422
2006	8	16	423
2006	8	17	424
2006	8	18	425
2006	8	21	426
2006	8	22	427
2006	8	23	428
2006	8	24	429
2006	8	25	430
2006	8	28	431
2006	8	29	432
2006	8	30	433
2006	8	31	434
2006	9	1	435
2006	9	4	436
2006	9	5	437
2006	9	6	438
2006	9	7	439
2006	9	8	440
2006	9	11	441
2006	9	12	442
2006	9	13	443
2006	9	14	444
2006	9	15	445
2006	9	18	446
2006	9	19	447
2006	9	20	448
2006	9	21	449
2006	9	22	450
2006	9	25	451
2006	9	26	452
2006	9	27	453
2006	9	28	454
2006	9	29	455
2006	10	2	456
2006	10	3	457
2006	10	4	458
2006	10	5	459
2006	10	6	460
2006	10	9	461
2006	10	10	462
2006	10	11	463
2006	10	12	464
2006	10	13	465
2006	10	16	466
2006	10	17	467
2006	10	18	468
2006	10	19	469
2006	10	20	470
2006	10	23	471
2006	10	24	472
2006	10	25	473
2006	10	26	474
2006	10	27	475
2006	10	30	476
2006	10	31	477
2006	11	1	478
2006	11	2	479
2006	11	3	480
2006	11	6	481
2006	11	7	482
2006	11	8	483
2006	11	9	484
2006	11	10	485
2006	11	13	486
2006	11	14	487
2006	11	15	488
2006	11	16	489
2006	11	17	490
2006	11	20	491
2006	11	21	492
2006	11	22	493
2006	11	23	494
2006	11	24	495
2006	11	27	496
2006	11	28	497
2006	11	29	498
2006	11	30	499
2006	12	1	500
2006	12	4	501
2006	12	5	502
2006	12	6	503
2006	12	7	504
2006	12	8	505
2006	12	11	506
2006	12	12	507
2006	12	13	508
2006	12	14	509
2006	12	15	510
2006	12	18	511
2006	12	19	512
2006	12	20	513
2006	12	21	514
2006	12	22	515
2006	12	25	516
2006	12	26	517
2006	12	27	518
2006	12	28	519
2006	12	29	520
2007	1	1	521
2007	1	2	522
2007	1	3	523
2007	1	4	524
2007	1	5	525
2007	1	8	526
2007	1	9	527
2007	1	10	528
2007	1	11	529
2007	1	12	530
2007	1	15	531
2007	1	16	532
2007	1	17	533
2007	1	18	534
2007	1	19	535
2007	1	22	536
2007	1	23	537
2007	1	24	538
2007	1	25	539
2007	1	26	540
2007	1	29	541
2007	1	30	542
2007	1	31	543
2007	2	1	544
2007	2	2	545
2007	2	5	546
2007	2	6	547
2007	2	7	548
2007	2	8	549
2007	2	9	550
2007	2	12	551
2007	2	13	552
2007	2	14	553
2007	2	15	554
2007	2	16	555
2007	2	19	556
2007	2	20	557
2007	2	21	558
2007	2	22	559
2007	2	23	560
2007	2	26	561
2007	2	27	562
2007	2	28	563
2007	3	1	564
2007	3	2	565
2007	3	5	566
2007	3	6	567
2007	3	7	568
2007	3	8	569
2007	3	9	570
2007	3	12	571
2007	3	13	572
2007	3	14	573
2007	3	15	574
2007	3	16	575
2007	3	19	576
2007	3	20	577
2007	3	21	578
2007	3	22	579
2007	3	23	580
2007	3	26	581
2007	3	27	582
2007	3	28	583
2007	3	29	584
2007	3	30	585
2007	4	2	586
2007	4	3	587
2007	4	4	588
2007	4	5	589
2007	4	6	590
2007	4	9	591
2007	4	10	592
2007	4	11	593
2007	4	12	594
2007	4	13	595
2007	4	16	596
2007	4	17	597
2007	4	18	598
2007	4	19	599
2007	4	20	600
2007	4	23	601
2007	4	24	602
2007	4	25	603
2007	4	26	604
2007	4	27	605
2007	4	30	606
2007	5	1	607
2007	5	2	608
2007	5	3	609
2007	5	4	610
2007	5	7	611
2007	5	8	612
2007	5	9	613
2007	5	10	614
2007	5	11	615
2007	5	14	616
2007	5	15	617
2007	5	16	618
2007	5	17	619
2007	5	18	620
2007	5	21	621
2007	5	22	622
2007	5	23	623
2007	5	24	624
2007	5	25	625
2007	5	28	626
2007	5	29	627
2007	5	30	628
2007	5	31	629
2007	6	1	630
2007	6	4	631
2007	6	5	632
2007	6	6	633
2007	6	7	634
2007	6	8	635
2007	6	11	636
2007	6	12	637
2007	6	13	638
2007	6	14	639
2007	6	15	640
2007	6	18	641
2007	6	19	642
2007	6	20	643
2007	6	21	644
2007	6	22	645
2007	6	25	646
2007	6	26	647
2007	6	27	648
2007	6	28	649
2007	6	29	650
2007	7	2	651
2007	7	3	652
2007	7	4	653
2007	7	5	654
2007	7	6	655
2007	7	9	656
2007	7	10	657
2007	7	11	658
2007	7	12	659
2007	7	13	660
2007	7	16	661
2007	7	17	662
2007	7	18	663
2007	7	19	664
2007	7	20	665
2007	7	23	666
2007	7	24	667
2007	7	25	668
2007	7	26	669
2007	7	27	670
2007	7	30	671
2007	7	31	672
2007	8	1	673
2007	8	2	674
2007	8	3	675
2007	8	6	676
2007	8	7	677
2007	8	8	678
2007	8	9	679
2007	8	10	680
2007	8	13	681
2007	8	14	682
2007	8	15	683
2007	8	16	684
2007	8	17	685
2007	8	20	686
2007	8	21	687
2007	8	22	688
2007	8	23	689
2007	8	24	690
2007	8	27	691
2007	8	28	692
2007	8	29	693
2007	8	30	694
2007	8	31	695
2007	9	3	696
2007	9	4	697
2007	9	5	698
2007	9	6	699
2007	9	7	700
2007	9	10	701
2007	9	11	702
2007	9	12	703
2007	9	13	704
2007	9	14	705
2007	9	17	706
2007	9	18	707
2007	9	19	708
2007	9	20	709
2007	9	21	710
2007	9	24	711
2007	9	25	712
2007	9	26	713
2007	9	27	714
2007	9	28	715
2007	10	1	716
2007	10	2	717
2007	10	3	718
2007	10	4	719
2007	10	5	720
2007	10	8	721
2007	10	9	722
2007	10	10	723
2007	10	11	724
2007	10	12	725
2007	10	15	726
2007	10	16	727
2007	10	17	728
2007	10	18	729
2007	10	19	730
2007	10	22	731
2007	10	23	732
2007	10	24	733
2007	10	25	734
2007	10	26	735
2007	10	29	736
2007	10	30	737
2007	10	31	738
2007	11	1	739
2007	11	2	740
2007	11	5	741
2007	11	6	742
2007	11	7	743
2007	11	8	744
2007	11	9	745
2007	11	12	746
2007	11	13	747
2007	11	14	748
2007	11	15	749
2007	11	16	750
2007	11	19	751
2007	11	20	752
2007	11	21	753
2007	11	22	754
2007	11	23	755
2007	11	26	756
2007	11	27	757
2007	11	28	758
2007	11	29	759
2007	11	30	760
2007	12	3	761
2007	12	4	762
2007	12	5	763
2007	12	6	764
2007	12	7	765
2007	12	10	766
2007	12	11	767
2007	12	12	768
2007	12	13	769
2007	12	14	770
2007	12	17	771
2007	12	18	772
2007	12	19	773
2007	12	20	774
2007	12	21	775
2007	12	24	776
2007	12	25	777
2007	12	26	778
2007	12	27	779
2007	12	28	780
2007	12	31	781
2008	1	1	782
2008	1	2	783
2008	1	3	784
2008	1	4	785
2008	1	7	786
2008	1	8	787
2008	1	9	788
2008	1	10	789
2008	1	11	790
2008	1	14	791
2008	1	15	792
2008	1	16	793
2008	1	17	794
2008	1	18	795
2008	1	21	796
2008	1	22	797
2008	1	23	798
2008	1	24	799
2008	1	25	800
2008	1	28	801
2008	1	29	802
2008	1	30	803
2008	1	31	804
2008	2	1	805
2008	2	4	806
2008	2	5	807
2008	2	6	808
2008	2	7	809
2008	2	8	810
2008	2	11	811
2008	2	12	812
2008	2	13	813
2008	2	14	814
2008	2	15	815
2008	2	18	816
2008	2	19	817
2008	2	20	818
2008	2	21	819
2008	2	22	820
2008	2	25	821
2008	2	26	822
2008	2	27	823
2008	2	28	824
2008	2	29	825
2008	3	3	826
2008	3	4	827
2008	3	5	828
2008	3	6	829
2008	3	7	830
2008	3	10	831
2008	3	11	832
2008	3	12	833
2008	3	13	834
2008	3	14	835
2008	3	17	836
2008	3	18	837
2008	3	19	838
2008	3	20	839
2008	3	21	840
2008	3	24	841
2008	3	25	842
2008	3	26	843
2008	3	27	844
2008	3	28	845
2008	3	31	846
2008	4	1	847
2008	4	2	848
2008	4	3	849
2008	4	4	850
2008	4	7	851
2008	4	8	852
2008	4	9	853
2008	4	10	854
2008	4	11	855
2008	4	14	856
2008	4	15	857
2008	4	16	858
2008	4	17	859
2008	4	18	860
2008	4	21	861
2008	4	22	862
2008	4	23	863
2008	4	24	864
2008	4	25	865
2008	4	28	866
2008	4	29	867
2008	4	30	868
2008	5	1	869
2008	5	2	870
2008	5	5	871
2008	5	6	872
2008	5	7	873
2008	5	8	874
2008	5	9	875
2008	5	12	876
2008	5	13	877
2008	5	14	878
2008	5	15	879
2008	5	16	880
2008	5	19	881
2008	5	20	882
2008	5	21	883
2008	5	22	884
2008	5	23	885
2008	5	26	886
2008	5	27	887
2008	5	28	888
2008	5	29	889
2008	5	30	890
2008	6	2	891
2008	6	3	892
2008	6	4	893
2008	6	5	894
2008	6	6	895
2008	6	9	896
2008	6	10	897
2008	6	11	898
2008	6	12	899
2008	6	13	900
2008	6	16	901
2008	6	17	902
2008	6	18	903
2008	6	19	904
2008	6	20	905
2008	6	23	906
2008	6	24	907
2008	6	25	908
2008	6	26	909
2008	6	27	910
2008	6	30	911
2008	7	1	912
2008	7	2	913
2008	7	3	914
2008	7	4	915
2008	7	7	916
2008	7	8	917
2008	7	9	918
2008	7	10	919
2008	7	11	920
2008	7	14	921
2008	7	15	922
2008	7	16	923
2008	7	17	924
2008	7	18	925
2008	7	21	926
2008	7	22	927
2008	7	23	928
2008	7	24	929
2008	7	25	930
2008	7	28	931
2008	7	29	932
2008	7	30	933
2008	7	31	934
2008	8	1	935
2008	8	4	936
2008	8	5	937
2008	8	6	938
2008	8	7	939
2008	8	8	940
2008	8	11	941
2008	8	12	942
2008	8	13	943
2008	8	14	944
2008	8	15	945
2008	8	18	946
2008	8	19	947
2008	8	20	948
2008	8	21	949
2008	8	22	950
2008	8	25	951
2008	8	26	952
2008	8	27	953
2008	8	28	954
2008	8	29	955
2008	9	1	956
2008	9	2	957
2008	9	3	958
2008	9	4	959
2008	9	5	960
2008	9	8	961
2008	9	9	962
2008	9	10	963
2008	9	11	964
2008	9	12	965
2008	9	15	966
2008	9	16	967
2008	9	17	968
2008	9	18	969
2008	9	19	970
2008	9	22	971
2008	9	23	972
2008	9	24	973
2008	9	25	974
2008	9	26	975
2008	9	29	976
2008	9	30	977
2008	10	1	978
2008	10	2	979
2008	10	3	980
2008	10	6	981
2008	10	7	982
2008	10	8	983
2008	10	9	984
2008	10	10	985
2008	10	13	986
2008	10	14	987
2008	10	15	988
2008	10	16	989
2008	10	17	990
2008	10	20	991
2008	10	21	992
2008	10	22	993
2008	10	23	994
2008	10	24	995
2008	10	27	996
2008	10	28	997
2008	10	29	998
2008	10	30	999
2008	10	31	1000
2008	11	3	1001
2008	11	4	1002
2008	11	5	1003
2008	11	6	1004
2008	11	7	1005
2008	11	10	1006
2008	11	11	1007
2008	11	12	1008
2008	11	13	1009
2008	11	14	1010
2008	11	17	1011
2008	11	18	1012
2008	11	19	1013
2008	11	20	1014
2008	11	21	1015
2008	11	24	1016
2008	11	25	1017
2008	11	26	1018
2008	11	27	1019
2008	11	28	1020
2008	12	1	1021
2008	12	2	1022
2008	12	3	1023
2008	12	4	1024
2008	12	5	1025
2008	12	8	1026
2008	12	9	1027
2008	12	10	1028
2008	12	11	1029
2008	12	12	1030
2008	12	15	1031
2008	12	16	1032
2008	12	17	1033
2008	12	18	1034
2008	12	19	1035
2008	12	22	1036
2008	12	23	1037
2008	12	24	1038
2008	12	25	1039
2008	12	26	1040
2008	12	29	1041
2008	12	30	1042
2008	12	31	1043
2009	1	1	1044
2009	1	2	1045
2009	1	5	1046
2009	1	6	1047
2009	1	7	1048
2009	1	8	1049
2009	1	9	1050
2009	1	12	1051
2009	1	13	1052
2009	1	14	1053
2009	1	15	1054
2009	1	16	1055
2009	1	19	1056
2009	1	20	1057
2009	1	21	1058
2009	1	22	1059
2009	1	23	1060
2009	1	26	1061
2009	1	27	1062
2009	1	28	1063
2009	1	29	1064
2009	1	30	1065
2009	2	2	1066
2009	2	3	1067
2009	2	4	1068
2009	2	5	1069
2009	2	6	1070
2009	2	9	1071
2009	2	10	1072
2009	2	11	1073
2009	2	12	1074
2009	2	13	1075
2009	2	16	1076
2009	2	17	1077
2009	2	18	1078
2009	2	19	1079
2009	2	20	1080
2009	2	23	1081
2009	2	24	1082
2009	2	25	1083
2009	2	26	1084
2009	2	27	1085
2009	3	2	1086
2009	3	3	1087
2009	3	4	1088
2009	3	5	1089
2009	3	6	1090
2009	3	9	1091
2009	3	10	1092
2009	3	11	1093
2009	3	12	1094
2009	3	13	1095
2009	3	16	1096
2009	3	17	1097
2009	3	18	1098
2009	3	19	1099
2009	3	20	1100
2009	3	23	1101
2009	3	24	1102
2009	3	25	1103
2009	3	26	1104
2009	3	27	1105
2009	3	30	1106
2009	3	31	1107
2009	4	1	1108
2009	4	2	1109
2009	4	3	1110
2009	4	6	1111
2009	4	7	1112
2009	4	8	1113
2009	4	9	1114
2009	4	10	1115
2009	4	13	1116
2009	4	14	1117
2009	4	15	1118
2009	4	16	1119
2009	4	17	1120
2009	4	20	1121
2009	4	21	1122
2009	4	22	1123
2009	4	23	1124
2009	4	24	1125
2009	4	27	1126
2009	4	28	1127
2009	4	29	1128
2009	4	30	1129
2009	5	1	1130
2009	5	4	1131
2009	5	5	1132
2009	5	6	1133
2009	5	7	1134
2009	5	8	1135
2009	5	11	1136
2009	5	12	1137
2009	5	13	1138
2009	5	14	1139
2009	5	15	1140
2009	5	18	1141
2009	5	19	1142
2009	5	20	1143
2009	5	21	1144
2009	5	22	1145
2009	5	25	1146
2009	5	26	1147
2009	5	27	1148
2009	5	28	1149
2009	5	29	1150
2009	6	1	1151
2009	6	2	1152
2009	6	3	1153
2009	6	4	1154
2009	6	5	1155
2009	6	8	1156
2009	6	9	1157
2009	6	10	1158
2009	6	11	1159
2009	6	12	1160
2009	6	15	1161
2009	6	16	1162
2009	6	17	1163
2009	6	18	1164
2009	6	19	1165
2009	6	22	1166
2009	6	23	1167
2009	6	24	1168
2009	6	25	1169
2009	6	26	1170
2009	6	29	1171
2009	6	30	1172
2009	7	1	1173
2009	7	2	1174
2009	7	3	1175
2009	7	6	1176
2009	7	7	1177
2009	7	8	1178
2009	7	9	1179
2009	7	10	1180
2009	7	13	1181
2009	7	14	1182
2009	7	15	1183
2009	7	16	1184
2009	7	17	1185
2009	7	20	1186
2009	7	21	1187
2009	7	22	1188
2009	7	23	1189
2009	7	24	1190
2009	7	27	1191
2009	7	28	1192
2009	7	29	1193
2009	7	30	1194
2009	7	31	1195
2009	8	3	1196
2009	8	4	1197
2009	8	5	1198
2009	8	6	1199
2009	8	7	1200
2009	8	10	1201
2009	8	11	1202
2009	8	12	1203
2009	8	13	1204
2009	8	14	1205
2009	8	17	1206
2009	8	18	1207
2009	8	19	1208
2009	8	20	1209
2009	8	21	1210
2009	8	24	1211
2009	8	25	1212
2009	8	26	1213
2009	8	27	1214
2009	8	28	1215
2009	8	31	1216
2009	9	1	1217
2009	9	2	1218
2009	9	3	1219
2009	9	4	1220
2009	9	7	1221
2009	9	8	1222
2009	9	9	1223
2009	9	10	1224
2009	9	11	1225
2009	9	14	1226
2009	9	15	1227
2009	9	16	1228
2009	9	17	1229
2009	9	18	1230
2009	9	21	1231
2009	9	22	1232
2009	9	23	1233
2009	9	24	1234
2009	9	25	1235
2009	9	28	1236
2009	9	29	1237
2009	9	30	1238
2009	10	1	1239
2009	10	2	1240
2009	10	5	1241
2009	10	6	1242
2009	10	7	1243
2009	10	8	1244
2009	10	9	1245
2009	10	12	1246
2009	10	13	1247
2009	10	14	1248
2009	10	15	1249
2009	10	16	1250
2009	10	19	1251
2009	10	20	1252
2009	10	21	1253
2009	10	22	1254
2009	10	23	1255
2009	10	26	1256
2009	10	27	1257
2009	10	28	1258
2009	10	29	1259
2009	10	30	1260
2009	11	2	1261
2009	11	3	1262
2009	11	4	1263
2009	11	5	1264
2009	11	6	1265
2009	11	9	1266
2009	11	10	1267
2009	11	11	1268
2009	11	12	1269
2009	11	13	1270
2009	11	16	1271
2009	11	17	1272
2009	11	18	1273
2009	11	19	1274
2009	11	20	1275
2009	11	23	1276
2009	11	24	1277
2009	11	25	1278
2009	11	26	1279
2009	11	27	1280
2009	11	30	1281
2009	12	1	1282
2009	12	2	1283
2009	12	3	1284
2009	12	4	1285
2009	12	7	1286
2009	12	8	1287
2009	12	9	1288
2009	12	10	1289
2009	12	11	1290
2009	12	14	1291
2009	12	15	1292
2009	12	16	1293
2009	12	17	1294
2009	12	18	1295
2009	12	21	1296
2009	12	22	1297
2009	12	23	1298
2009	12	24	1299
2009	12	25	1300
2009	12	28	1301
2009	12	29	1302
2009	12	30	1303
2009	12	31	1304
2010	1	1	1305
2010	1	4	1306
2010	1	5	1307
2010	1	6	1308
2010	1	7	1309
2010	1	8	1310
2010	1	11	1311
2010	1	12	1312
2010	1	13	1313
2010	1	14	1314
2010	1	15	1315
2010	1	18	1316
2010	1	19	1317
2010	1	20	1318
2010	1	21	1319
2010	1	22	1320
2010	1	25	1321
2010	1	26	1322
2010	1	27	1323
2010	1	28	1324
2010	1	29	1325
2010	2	1	1326
2010	2	2	1327
2010	2	3	1328
2010	2	4	1329
2010	2	5	1330
2010	2	8	1331
2010	2	9	1332
2010	2	10	1333
2010	2	11	1334
2010	2	12	1335
2010	2	15	1336
2010	2	16	1337
2010	2	17	1338
2010	2	18	1339
2010	2	19	1340
2010	2	22	1341
2010	2	23	1342
2010	2	24	1343
2010	2	25	1344
2010	2	26	1345
2010	3	1	1346
2010	3	2	1347
2010	3	3	1348
2010	3	4	1349
2010	3	5	1350
2010	3	8	1351
2010	3	9	1352
2010	3	10	1353
2010	3	11	1354
2010	3	12	1355
2010	3	15	1356
2010	3	16	1357
2010	3	17	1358
2010	3	18	1359
2010	3	19	1360
2010	3	22	1361
2010	3	23	1362
2010	3	24	1363
2010	3	25	1364
2010	3	26	1365
2010	3	29	1366
2010	3	30	1367
2010	3	31	1368
2010	4	1	1369
2010	4	2	1370
2010	4	5	1371
2010	4	6	1372
2010	4	7	1373
2010	4	8	1374
2010	4	9	1375
2010	4	12	1376
2010	4	13	1377
2010	4	14	1378
2010	4	15	1379
2010	4	16	1380
2010	4	19	1381
2010	4	20	1382
2010	4	21	1383
2010	4	22	1384
2010	4	23	1385
2010	4	26	1386
2010	4	27	1387
2010	4	28	1388
2010	4	29	1389
2010	4	30	1390
2010	5	3	1391
2010	5	4	1392
2010	5	5	1393
2010	5	6	1394
2010	5	7	1395
2010	5	10	1396
2010	5	11	1397
2010	5	12	1398
2010	5	13	1399
2010	5	14	1400
2010	5	17	1401
2010	5	18	1402
2010	5	19	1403
2010	5	20	1404
2010	5	21	1405
2010	5	24	1406
2010	5	25	1407
2010	5	26	1408
2010	5	27	1409
2010	5	28	1410
2010	5	31	1411
2010	6	1	1412
2010	6	2	1413
2010	6	3	1414
2010	6	4	1415
2010	6	7	1416
2010	6	8	1417
2010	6	9	1418
2010	6	10	1419
2010	6	11	1420
2010	6	14	1421
2010	6	15	1422
2010	6	16	1423
2010	6	17	1424
2010	6	18	1425
2010	6	21	1426
2010	6	22	1427
2010	6	23	1428
2010	6	24	1429
2010	6	25	1430
2010	6	28	1431
2010	6	29	1432
2010	6	30	1433
2010	7	1	1434
2010	7	2	1435
2010	7	5	1436
2010	7	6	1437
2010	7	7	1438
2010	7	8	1439
2010	7	9	1440
2010	7	12	1441
2010	7	13	1442
2010	7	14	1443
2010	7	15	1444
2010	7	16	1445
2010	7	19	1446
2010	7	20	1447
2010	7	21	1448
2010	7	22	1449
2010	7	23	1450
2010	7	26	1451
2010	7	27	1452
2010	7	28	1453
2010	7	29	1454
2010	7	30	1455
2010	8	2	1456
2010	8	3	1457
2010	8	4	1458
2010	8	5	1459
2010	8	6	1460
2010	8	9	1461
2010	8	10	1462
2010	8	11	1463
2010	8	12	1464
2010	8	13	1465
2010	8	16	1466
2010	8	17	1467
2010	8	18	1468
2010	8	19	1469
2010	8	20	1470
2010	8	23	1471
2010	8	24	1472
2010	8	25	1473
2010	8	26	1474
2010	8	27	1475
2010	8	30	1476
2010	8	31	1477
2010	9	1	1478
2010	9	2	1479
2010	9	3	1480
2010	9	6	1481
2010	9	7	1482
2010	9	8	1483
2010	9	9	1484
2010	9	10	1485
2010	9	13	1486
2010	9	14	1487
2010	9	15	1488
2010	9	16	1489
2010	9	17	1490
2010	9	20	1491
2010	9	21	1492
2010	9	22	1493
2010	9	23	1494
2010	9	24	1495
2010	9	27	1496
2010	9	28	1497
2010	9	29	1498
2010	9	30	1499
2010	10	1	1500
2010	10	4	1501
2010	10	5	1502
2010	10	6	1503
2010	10	7	1504
2010	10	8	1505
2010	10	11	1506
2010	10	12	1507
2010	10	13	1508
2010	10	14	1509
2010	10	15	1510
2010	10	18	1511
2010	10	19	1512
2010	10	20	1513
2010	10	21	1514
2010	10	22	1515
2010	10	25	1516
2010	10	26	1517
2010	10	27	1518
2010	10	28	1519
2010	10	29	1520
2010	11	1	1521
2010	11	2	1522
2010	11	3	1523
2010	11	4	1524
2010	11	5	1525
2010	11	8	1526
2010	11	9	1527
2010	11	10	1528
2010	11	11	1529
2010	11	12	1530
2010	11	15	1531
2010	11	16	1532
2010	11	17	1533
2010	11	18	1534
2010	11	19	1535
2010	11	22	1536
2010	11	23	1537
2010	11	24	1538
2010	11	25	1539
2010	11	26	1540
2010	11	29	1541
2010	11	30	1542
2010	12	1	1543
2010	12	2	1544
2010	12	3	1545
2010	12	6	1546
2010	12	7	1547
2010	12	8	1548
2010	12	9	1549
2010	12	10	1550
2010	12	13	1551
2010	12	14	1552
2010	12	15	1553
2010	12	16	1554
2010	12	17	1555
2010	12	20	1556
2010	12	21	1557
2010	12	22	1558
2010	12	23	1559
2010	12	24	1560
2010	12	27	1561
2010	12	28	1562
2010	12	29	1563
2010	12	30	1564
2010	12	31	1565
2011	1	3	1566
2011	1	4	1567
2011	1	5	1568
2011	1	6	1569
2011	1	7	1570
2011	1	10	1571
2011	1	11	1572
2011	1	12	1573
2011	1	13	1574
2011	1	14	1575
2011	1	17	1576
2011	1	18	1577
2011	1	19	1578
2011	1	20	1579
2011	1	21	1580
2011	1	24	1581
2011	1	25	1582
2011	1	26	1583
2011	1	27	1584
2011	1	28	1585
2011	1	31	1586
2011	2	1	1587
2011	2	2	1588
2011	2	3	1589
2011	2	4	1590
2011	2	7	1591
2011	2	8	1592
2011	2	9	1593
2011	2	10	1594
2011	2	11	1595
2011	2	14	1596
2011	2	15	1597
2011	2	16	1598
2011	2	17	1599
2011	2	18	1600
2011	2	21	1601
2011	2	22	1602
2011	2	23	1603
2011	2	24	1604
2011	2	25	1605
2011	2	28	1606
2011	3	1	1607
2011	3	2	1608
2011	3	3	1609
2011	3	4	1610
2011	3	7	1611
2011	3	8	1612
2011	3	9	1613
2011	3	10	1614
2011	3	11	1615
2011	3	14	1616
2011	3	15	1617
2011	3	16	1618
2011	3	17	1619
2011	3	18	1620
2011	3	21	1621
2011	3	22	1622
2011	3	23	1623
2011	3	24	1624
2011	3	25	1625
2011	3	28	1626
2011	3	29	1627
2011	3	30	1628
2011	3	31	1629
2011	4	1	1630
2011	4	4	1631
2011	4	5	1632
2011	4	6	1633
2011	4	7	1634
2011	4	8	1635
2011	4	11	1636
2011	4	12	1637
2011	4	13	1638
2011	4	14	1639
2011	4	15	1640
2011	4	18	1641
2011	4	19	1642
2011	4	20	1643
2011	4	21	1644
2011	4	22	1645
2011	4	25	1646
2011	4	26	1647
2011	4	27	1648
2011	4	28	1649
2011	4	29	1650
2011	5	2	1651
2011	5	3	1652
2011	5	4	1653
2011	5	5	1654
2011	5	6	1655
2011	5	9	1656
2011	5	10	1657
2011	5	11	1658
2011	5	12	1659
2011	5	13	1660
2011	5	16	1661
2011	5	17	1662
2011	5	18	1663
2011	5	19	1664
2011	5	20	1665
2011	5	23	1666
2011	5	24	1667
2011	5	25	1668
2011	5	26	1669
2011	5	27	1670
2011	5	30	1671
2011	5	31	1672
2011	6	1	1673
2011	6	2	1674
2011	6	3	1675
2011	6	6	1676
2011	6	7	1677
2011	6	8	1678
2011	6	9	1679
2011	6	10	1680
2011	6	13	1681
2011	6	14	1682
2011	6	15	1683
2011	6	16	1684
2011	6	17	1685
2011	6	20	1686
2011	6	21	1687
2011	6	22	1688
2011	6	23	1689
2011	6	24	1690
2011	6	27	1691
2011	6	28	1692
2011	6	29	1693
2011	6	30	1694
2011	7	1	1695
2011	7	4	1696
2011	7	5	1697
2011	7	6	1698
2011	7	7	1699
2011	7	8	1700
2011	7	11	1701
2011	7	12	1702
2011	7	13	1703
2011	7	14	1704
2011	7	15	1705
2011	7	18	1706
2011	7	19	1707
2011	7	20	1708
2011	7	21	1709
2011	7	22	1710
2011	7	25	1711
2011	7	26	1712
2011	7	27	1713
2011	7	28	1714
2011	7	29	1715
2011	8	1	1716
2011	8	2	1717
2011	8	3	1718
2011	8	4	1719
2011	8	5	1720
2011	8	8	1721
2011	8	9	1722
2011	8	10	1723
2011	8	11	1724
2011	8	12	1725
2011	8	15	1726
2011	8	16	1727
2011	8	17	1728
2011	8	18	1729
2011	8	19	1730
2011	8	22	1731
2011	8	23	1732
2011	8	24	1733
2011	8	25	1734
2011	8	26	1735
2011	8	29	1736
2011	8	30	1737
2011	8	31	1738
2011	9	1	1739
2011	9	2	1740
2011	9	5	1741
2011	9	6	1742
2011	9	7	1743
2011	9	8	1744
2011	9	9	1745
2011	9	12	1746
2011	9	13	1747
2011	9	14	1748
2011	9	15	1749
2011	9	16	1750
2011	9	19	1751
2011	9	20	1752
2011	9	21	1753
2011	9	22	1754
2011	9	23	1755
2011	9	26	1756
2011	9	27	1757
2011	9	28	1758
2011	9	29	1759
2011	9	30	1760
2011	10	3	1761
2011	10	4	1762
2011	10	5	1763
2011	10	6	1764
2011	10	7	1765
2011	10	10	1766
2011	10	11	1767
2011	10	12	1768
2011	10	13	1769
2011	10	14	1770
2011	10	17	1771
2011	10	18	1772
2011	10	19	1773
2011	10	20	1774
2011	10	21	1775
2011	10	24	1776
2011	10	25	1777
2011	10	26	1778
2011	10	27	1779
2011	10	28	1780
2011	10	31	1781
2011	11	1	1782
2011	11	2	1783
2011	11	3	1784
2011	11	4	1785
2011	11	7	1786
2011	11	8	1787
2011	11	9	1788
2011	11	10	1789
2011	11	11	1790
2011	11	14	1791
2011	11	15	1792
2011	11	16	1793
2011	11	17	1794
2011	11	18	1795
2011	11	21	1796
2011	11	22	1797
2011	11	23	1798
2011	11	24	1799
2011	11	25	1800
2011	11	28	1801
2011	11	29	1802
2011	11	30	1803
2011	12	1	1804
2011	12	2	1805
2011	12	5	1806
2011	12	6	1807
2011	12	7	1808
2011	12	8	1809
2011	12	9	1810
2011	12	12	1811
2011	12	13	1812
2011	12	14	1813
2011	12	15	1814
2011	12	16	1815
2011	12	19	1816
2011	12	20	1817
2011	12	21	1818
2011	12	22	1819
2011	12	23	1820
2011	12	26	1821
2011	12	27	1822
2011	12	28	1823
2011	12	29	1824
2011	12	30	1825
2012	1	2	1826
2012	1	3	1827
2012	1	4	1828
2012	1	5	1829
2012	1	6	1830
2012	1	9	1831
2012	1	10	1832
2012	1	11	1833
2012	1	12	1834
2012	1	13	1835
2012	1	16	1836
2012	1	17	1837
2012	1	18	1838
2012	1	19	1839
2012	1	20	1840
2012	1	23	1841
2012	1	24	1842
2012	1	25	1843
2012	1	26	1844
2012	1	27	1845
2012	1	30	1846
2012	1	31	1847
2012	2	1	1848
2012	2	2	1849
2012	2	3	1850
2012	2	6	1851
2012	2	7	1852
2012	2	8	1853
2012	2	9	1854
2012	2	10	1855
2012	2	13	1856
2012	2	14	1857
2012	2	15	1858
2012	2	16	1859
2012	2	17	1860
2012	2	20	1861
2012	2	21	1862
2012	2	22	1863
2012	2	23	1864
2012	2	24	1865
2012	2	27	1866
2012	2	28	1867
2012	2	29	1868
2012	3	1	1869
2012	3	2	1870
2012	3	5	1871
2012	3	6	1872
2012	3	7	1873
2012	3	8	1874
2012	3	9	1875
2012	3	12	1876
2012	3	13	1877
2012	3	14	1878
2012	3	15	1879
2012	3	16	1880
2012	3	19	1881
2012	3	20	1882
2012	3	21	1883
2012	3	22	1884
2012	3	23	1885
2012	3	26	1886
2012	3	27	1887
2012	3	28	1888
2012	3	29	1889
2012	3	30	1890
2012	4	2	1891
2012	4	3	1892
2012	4	4	1893
2012	4	5	1894
2012	4	6	1895
2012	4	9	1896
2012	4	10	1897
2012	4	11	1898
2012	4	12	1899
2012	4	13	1900
2012	4	16	1901
2012	4	17	1902
2012	4	18	1903
2012	4	19	1904
2012	4	20	1905
2012	4	23	1906
2012	4	24	1907
2012	4	25	1908
2012	4	26	1909
2012	4	27	1910
2012	4	30	1911
2012	5	1	1912
2012	5	2	1913
2012	5	3	1914
2012	5	4	1915
2012	5	7	1916
2012	5	8	1917
2012	5	9	1918
2012	5	10	1919
2012	5	11	1920
2012	5	14	1921
2012	5	15	1922
2012	5	16	1923
2012	5	17	1924
2012	5	18	1925
2012	5	21	1926
2012	5	22	1927
2012	5	23	1928
2012	5	24	1929
2012	5	25	1930
2012	5	28	1931
2012	5	29	1932
2012	5	30	1933
2012	5	31	1934
2012	6	1	1935
2012	6	4	1936
2012	6	5	1937
2012	6	6	1938
2012	6	7	1939
2012	6	8	1940
2012	6	11	1941
2012	6	12	1942
2012	6	13	1943
2012	6	14	1944
2012	6	15	1945
2012	6	18	1946
2012	6	19	1947
2012	6	20	1948
2012	6	21	1949
2012	6	22	1950
2012	6	25	1951
2012	6	26	1952
2012	6	27	1953
2012	6	28	1954
2012	6	29	1955
2012	7	2	1956
2012	7	3	1957
2012	7	4	1958
2012	7	5	1959
2012	7	6	1960
2012	7	9	1961
2012	7	10	1962
2012	7	11	1963
2012	7	12	1964
2012	7	13	1965
2012	7	16	1966
2012	7	17	1967
2012	7	18	1968
2012	7	19	1969
2012	7	20	1970
2012	7	23	1971
2012	7	24	1972
2012	7	25	1973
2012	7	26	1974
2012	7	27	1975
2012	7	30	1976
2012	7	31	1977
2012	8	1	1978
2012	8	2	1979
2012	8	3	1980
2012	8	6	1981
2012	8	7	1982
2012	8	8	1983
2012	8	9	1984
2012	8	10	1985
2012	8	13	1986
2012	8	14	1987
2012	8	15	1988
2012	8	16	1989
2012	8	17	1990
2012	8	20	1991
2012	8	21	1992
2012	8	22	1993
2012	8	23	1994
2012	8	24	1995
2012	8	27	1996
2012	8	28	1997
2012	8	29	1998
2012	8	30	1999
2012	8	31	2000
2012	9	3	2001
2012	9	4	2002
2012	9	5	2003
2012	9	6	2004
2012	9	7	2005
2012	9	10	2006
2012	9	11	2007
2012	9	12	2008
2012	9	13	2009
2012	9	14	2010
2012	9	17	2011
2012	9	18	2012
2012	9	19	2013
2012	9	20	2014
2012	9	21	2015
2012	9	24	2016
2012	9	25	2017
2012	9	26	2018
2012	9	27	2019
2012	9	28	2020
2012	10	1	2021
2012	10	2	2022
2012	10	3	2023
2012	10	4	2024
2012	10	5	2025
2012	10	8	2026
2012	10	9	2027
2012	10	10	2028
2012	10	11	2029
2012	10	12	2030
2012	10	15	2031
2012	10	16	2032
2012	10	17	2033
2012	10	18	2034
2012	10	19	2035
2012	10	22	2036
2012	10	23	2037
2012	10	24	2038
2012	10	25	2039
2012	10	26	2040
2012	10	29	2041
2012	10	30	2042
2012	10	31	2043
2012	11	1	2044
2012	11	2	2045
2012	11	5	2046
2012	11	6	2047
2012	11	7	2048
2012	11	8	2049
2012	11	9	2050
2012	11	12	2051
2012	11	13	2052
2012	11	14	2053
2012	11	15	2054
2012	11	16	2055
2012	11	19	2056
2012	11	20	2057
2012	11	21	2058
2012	11	22	2059
2012	11	23	2060
2012	11	26	2061
2012	11	27	2062
2012	11	28	2063
2012	11	29	2064
2012	11	30	2065
2012	12	3	2066
2012	12	4	2067
2012	12	5	2068
2012	12	6	2069
2012	12	7	2070
2012	12	10	2071
2012	12	11	2072
2012	12	12	2073
2012	12	13	2074
2012	12	14	2075
2012	12	17	2076
2012	12	18	2077
2012	12	19	2078
2012	12	20	2079
2012	12	21	2080
2012	12	24	2081
2012	12	25	2082
2012	12	26	2083
2012	12	27	2084
2012	12	28	2085
2012	12	31	2086
2013	1	1	2087
2013	1	2	2088
2013	1	3	2089
2013	1	4	2090
2013	1	7	2091
2013	1	8	2092
2013	1	9	2093
2013	1	10	2094
2013	1	11	2095
2013	1	14	2096
2013	1	15	2097
2013	1	16	2098
2013	1	17	2099
2013	1	18	2100
2013	1	21	2101
2013	1	22	2102
2013	1	23	2103
2013	1	24	2104
2013	1	25	2105
2013	1	28	2106
2013	1	29	2107
2013	1	30	2108
2013	1	31	2109
2013	2	1	2110
2013	2	4	2111
2013	2	5	2112
2013	2	6	2113
2013	2	7	2114
2013	2	8	2115
2013	2	11	2116
2013	2	12	2117
2013	2	13	2118
2013	2	14	2119
2013	2	15	2120
2013	2	18	2121
2013	2	19	2122
2013	2	20	2123
2013	2	21	2124
2013	2	22	2125
2013	2	25	2126
2013	2	26	2127
2013	2	27	2128
2013	2	28	2129
2013	3	1	2130
2013	3	4	2131
2013	3	5	2132
2013	3	6	2133
2013	3	7	2134
2013	3	8	2135
2013	3	11	2136
2013	3	12	2137
2013	3	13	2138
2013	3	14	2139
2013	3	15	2140
2013	3	18	2141
2013	3	19	2142
2013	3	20	2143
2013	3	21	2144
2013	3	22	2145
2013	3	25	2146
2013	3	26	2147
2013	3	27	2148
2013	3	28	2149
2013	3	29	2150
2013	4	1	2151
2013	4	2	2152
2013	4	3	2153
2013	4	4	2154
2013	4	5	2155
2013	4	8	2156
2013	4	9	2157
2013	4	10	2158
2013	4	11	2159
2013	4	12	2160
2013	4	15	2161
2013	4	16	2162
2013	4	17	2163
2013	4	18	2164
2013	4	19	2165
2013	4	22	2166
2013	4	23	2167
2013	4	24	2168
2013	4	25	2169
2013	4	26	2170
2013	4	29	2171
2013	4	30	2172
2013	5	1	2173
2013	5	2	2174
2013	5	3	2175
2013	5	6	2176
2013	5	7	2177
2013	5	8	2178
2013	5	9	2179
2013	5	10	2180
2013	5	13	2181
2013	5	14	2182
2013	5	15	2183
2013	5	16	2184
2013	5	17	2185
2013	5	20	2186
2013	5	21	2187
2013	5	22	2188
2013	5	23	2189
2013	5	24	2190
2013	5	27	2191
2013	5	28	2192
2013	5	29	2193
2013	5	30	2194
2013	5	31	2195
2013	6	3	2196
2013	6	4	2197
2013	6	5	2198
2013	6	6	2199
2013	6	7	2200
2013	6	10	2201
2013	6	11	2202
2013	6	12	2203
2013	6	13	2204
2013	6	14	2205
2013	6	17	2206
2013	6	18	2207
2013	6	19	2208
2013	6	20	2209
2013	6	21	2210
2013	6	24	2211
2013	6	25	2212
2013	6	26	2213
2013	6	27	2214
2013	6	28	2215
2013	7	1	2216
2013	7	2	2217
2013	7	3	2218
2013	7	4	2219
2013	7	5	2220
2013	7	8	2221
2013	7	9	2222
2013	7	10	2223
2013	7	11	2224
2013	7	12	2225
2013	7	15	2226
2013	7	16	2227
2013	7	17	2228
2013	7	18	2229
2013	7	19	2230
2013	7	22	2231
2013	7	23	2232
2013	7	24	2233
2013	7	25	2234
2013	7	26	2235
2013	7	29	2236
2013	7	30	2237
2013	7	31	2238
2013	8	1	2239
2013	8	2	2240
2013	8	5	2241
2013	8	6	2242
2013	8	7	2243
2013	8	8	2244
2013	8	9	2245
2013	8	12	2246
2013	8	13	2247
2013	8	14	2248
2013	8	15	2249
2013	8	16	2250
2013	8	19	2251
2013	8	20	2252
2013	8	21	2253
2013	8	22	2254
2013	8	23	2255
2013	8	26	2256
2013	8	27	2257
2013	8	28	2258
2013	8	29	2259
2013	8	30	2260
2013	9	2	2261
2013	9	3	2262
2013	9	4	2263
2013	9	5	2264
2013	9	6	2265
2013	9	9	2266
2013	9	10	2267
2013	9	11	2268
2013	9	12	2269
2013	9	13	2270
2013	9	16	2271
2013	9	17	2272
2013	9	18	2273
2013	9	19	2274
2013	9	20	2275
2013	9	23	2276
2013	9	24	2277
2013	9	25	2278
2013	9	26	2279
2013	9	27	2280
2013	9	30	2281
2013	10	1	2282
2013	10	2	2283
2013	10	3	2284
2013	10	4	2285
2013	10	7	2286
2013	10	8	2287
2013	10	9	2288
2013	10	10	2289
2013	10	11	2290
2013	10	14	2291
2013	10	15	2292
2013	10	16	2293
2013	10	17	2294
2013	10	18	2295
2013	10	21	2296
2013	10	22	2297
2013	10	23	2298
2013	10	24	2299
2013	10	25	2300
2013	10	28	2301
2013	10	29	2302
2013	10	30	2303
2013	10	31	2304
2013	11	1	2305
2013	11	4	2306
2013	11	5	2307
2013	11	6	2308
2013	11	7	2309
2013	11	8	2310
2013	11	11	2311
2013	11	12	2312
2013	11	13	2313
2013	11	14	2314
2013	11	15	2315
2013	11	18	2316
2013	11	19	2317
2013	11	20	2318
2013	11	21	2319
2013	11	22	2320
2013	11	25	2321
2013	11	26	2322
2013	11	27	2323
2013	11	28	2324
2013	11	29	2325
2013	12	2	2326
2013	12	3	2327
2013	12	4	2328
2013	12	5	2329
2013	12	6	2330
2013	12	9	2331
2013	12	10	2332
2013	12	11	2333
2013	12	12	2334
2013	12	13	2335
2013	12	16	2336
2013	12	17	2337
2013	12	18	2338
2013	12	19	2339
2013	12	20	2340
2013	12	23	2341
2013	12	24	2342
2013	12	25	2343
2013	12	26	2344
2013	12	27	2345
2013	12	30	2346
2013	12	31	2347
2014	1	1	2348
2014	1	2	2349
2014	1	3	2350
2014	1	6	2351
2014	1	7	2352
2014	1	8	2353
2014	1	9	2354
2014	1	10	2355
2014	1	13	2356
2014	1	14	2357
2014	1	15	2358
2014	1	16	2359
2014	1	17	2360
2014	1	20	2361
2014	1	21	2362
2014	1	22	2363
2014	1	23	2364
2014	1	24	2365
2014	1	27	2366
2014	1	28	2367
2014	1	29	2368
2014	1	30	2369
2014	1	31	2370
2014	2	3	2371
2014	2	4	2372
2014	2	5	2373
2014	2	6	2374
2014	2	7	2375
2014	2	10	2376
2014	2	11	2377
2014	2	12	2378
2014	2	13	2379
2014	2	14	2380
2014	2	17	2381
2014	2	18	2382
2014	2	19	2383
2014	2	20	2384
2014	2	21	2385
2014	2	24	2386
2014	2	25	2387
2014	2	26	2388
2014	2	27	2389
2014	2	28	2390
2014	3	3	2391
2014	3	4	2392
2014	3	5	2393
2014	3	6	2394
2014	3	7	2395
2014	3	10	2396
2014	3	11	2397
2014	3	12	2398
2014	3	13	2399
2014	3	14	2400
2014	3	17	2401
2014	3	18	2402
2014	3	19	2403
2014	3	20	2404
2014	3	21	2405
2014	3	24	2406
2014	3	25	2407
2014	3	26	2408
2014	3	27	2409
2014	3	28	2410
2014	3	31	2411
2014	4	1	2412
2014	4	2	2413
2014	4	3	2414
2014	4	4	2415
2014	4	7	2416
2014	4	8	2417
2014	4	9	2418
2014	4	10	2419
2014	4	11	2420
2014	4	14	2421
2014	4	15	2422
2014	4	16	2423
2014	4	17	2424
2014	4	18	2425
2014	4	21	2426
2014	4	22	2427
2014	4	23	2428
2014	4	24	2429
2014	4	25	2430
2014	4	28	2431
2014	4	29	2432
2014	4	30	2433
2014	5	1	2434
2014	5	2	2435
2014	5	5	2436
2014	5	6	2437
2014	5	7	2438
2014	5	8	2439
2014	5	9	2440
2014	5	12	2441
2014	5	13	2442
2014	5	14	2443
2014	5	15	2444
2014	5	16	2445
2014	5	19	2446
2014	5	20	2447
2014	5	21	2448
2014	5	22	2449
2014	5	23	2450
2014	5	26	2451
2014	5	27	2452
2014	5	28	2453
2014	5	29	2454
2014	5	30	2455
2014	6	2	2456
2014	6	3	2457
2014	6	4	2458
2014	6	5	2459
2014	6	6	2460
2014	6	9	2461
2014	6	10	2462
2014	6	11	2463
2014	6	12	2464
2014	6	13	2465
2014	6	16	2466
2014	6	17	2467
2014	6	18	2468
2014	6	19	2469
2014	6	20	2470
2014	6	23	2471
2014	6	24	2472
2014	6	25	2473
2014	6	26	2474
2014	6	27	2475
2014	6	30	2476
2014	7	1	2477
2014	7	2	2478
2014	7	3	2479
2014	7	4	2480
2014	7	7	2481
2014	7	8	2482
2014	7	9	2483
2014	7	10	2484
2014	7	11	2485
2014	7	14	2486
2014	7	15	2487
2014	7	16	2488
2014	7	17	2489
2014	7	18	2490
2014	7	21	2491
2014	7	22	2492
2014	7	23	2493
2014	7	24	2494
2014	7	25	2495
2014	7	28	2496
2014	7	29	2497
2014	7	30	2498
2014	7	31	2499
2014	8	1	2500
2014	8	4	2501
2014	8	5	2502
2014	8	6	2503
2014	8	7	2504
2014	8	8	2505
2014	8	11	2506
2014	8	12	2507
2014	8	13	2508
2014	8	14	2509
2014	8	15	2510
2014	8	18	2511
2014	8	19	2512
2014	8	20	2513
2014	8	21	2514
2014	8	22	2515
2014	8	25	2516
2014	8	26	2517
2014	8	27	2518
2014	8	28	2519
2014	8	29	2520
2014	9	1	2521
2014	9	2	2522
2014	9	3	2523
2014	9	4	2524
2014	9	5	2525
2014	9	8	2526
2014	9	9	2527
2014	9	10	2528
2014	9	11	2529
2014	9	12	2530
2014	9	15	2531
2014	9	16	2532
2014	9	17	2533
2014	9	18	2534
2014	9	19	2535
2014	9	22	2536
2014	9	23	2537
2014	9	24	2538
2014	9	25	2539
2014	9	26	2540
2014	9	29	2541
2014	9	30	2542
2014	10	1	2543
2014	10	2	2544
2014	10	3	2545
2014	10	6	2546
2014	10	7	2547
2014	10	8	2548
2014	10	9	2549
2014	10	10	2550
2014	10	13	2551
2014	10	14	2552
2014	10	15	2553
2014	10	16	2554
2014	10	17	2555
2014	10	20	2556
2014	10	21	2557
2014	10	22	2558
2014	10	23	2559
2014	10	24	2560
2014	10	27	2561
2014	10	28	2562
2014	10	29	2563
2014	10	30	2564
2014	10	31	2565
2014	11	3	2566
2014	11	4	2567
2014	11	5	2568
2014	11	6	2569
2014	11	7	2570
2014	11	10	2571
2014	11	11	2572
2014	11	12	2573
2014	11	13	2574
2014	11	14	2575
2014	11	17	2576
2014	11	18	2577
2014	11	19	2578
2014	11	20	2579
2014	11	21	2580
2014	11	24	2581
2014	11	25	2582
2014	11	26	2583
2014	11	27	2584
2014	11	28	2585
2014	12	1	2586
2014	12	2	2587
2014	12	3	2588
2014	12	4	2589
2014	12	5	2590
2014	12	8	2591
2014	12	9	2592
2014	12	10	2593
2014	12	11	2594
2014	12	12	2595
2014	12	15	2596
2014	12	16	2597
2014	12	17	2598
2014	12	18	2599
2014	12	19	2600
2014	12	22	2601
2014	12	23	2602
2014	12	24	2603
2014	12	25	2604
2014	12	26	2605
2014	12	29	2606
2014	12	30	2607
2014	12	31	2608
